0 
1 
1 
2 
2 
3 
4 
4 
5 
5 27-27-SNU-719-uaz:UA-CLine-100082 29-29-T24-uaz:UA-CLine-1982
6 
7 15-15-T24-uaz:UA-CLine-1982 17-17-SNU719-uaz:UA-CLine-100082
8 
9 
10 
11 9-9-SNU719-uaz:UA-CLine-100082 11-11-T24-uaz:UA-CLine-1982
12 
12 
13 
13 
14 
14 
15 
15 
16 
17 
18 
18 
19 
20 
21 
22 
22 
23 
24 
25 
26 
26 
27 
28 
29 
30 
30 
31 
32 
33 
34 
35 
35 
36 
37 
38 
38 
39 
40 
41 
41 
42 
42 
43 
43 27-27-human-taxonomy:9606
44 
45 29-29-SNU-719-uaz:UA-CLine-100082 31-31-T24-uaz:UA-CLine-1982
46 
47 
48 
48 
49 
49 
50 
51 
52 
53 
54 
55 
56 
57 
58 19-19-human-taxonomy:9606
59 
60 
60 
61 
62 15-15-T24-uaz:UA-CLine-1982 17-17-SNU719-uaz:UA-CLine-100082
63 
63 
64 
64 
65 13-13-SNU-719-uaz:UA-CLine-100082
66 
67 
67 
68 
68 
69 
70 0-0-SNU-719-uaz:UA-CLine-100082
71 
72 
73 
74 
75 
76 3-3-SNU-719-uaz:UA-CLine-100082
77 
78 13-13-SNU-719-uaz:UA-CLine-100082
79 
80 
81 
82 
82 22-22-SNU-719-uaz:UA-CLine-100082
83 
84 
85 
86 22-22-serum-tissuelist:TS-0923
87 
88 
89 
90 
91 
92 
93 
94 
94 
95 
95 
96 
97 
98 9-9-SNU719-uaz:UA-CLine-100082 11-11-T24-uaz:UA-CLine-1982
99 
100 
100 
101 
101 
102 
103 1-1-T24-uaz:UA-CLine-1982 3-3-SNU719-uaz:UA-CLine-100082
104 
105 
106 
107 
108 
108 
109 
109 
110 10-10-human-taxonomy:9606
111 
112 
113 
114 5-5-T24-uaz:UA-CLine-1982 7-7-SNU719-uaz:UA-CLine-100082
115 
116 9-9-T24-uaz:UA-CLine-1982 11-11-SNU719-uaz:UA-CLine-100082
117 30-30-T24-uaz:UA-CLine-1982
118 9-9-SNU719-uaz:UA-CLine-100082 11-11-T24-uaz:UA-CLine-1982
119 
120 
121 
121 
122 
122 
123 
124 
125 
126 
127 
128 
129 
130 
131 
131 
132 
132 
133 
134 
135 10-10-human-taxonomy:9606 20-21-T_cells-uaz:UA-CLine-100050
136 
136 
137 
138 
139 
140 
141 
142 20-20-keratinocytes-tissuelist:TS-0500 23-25-vascular_smooth_muscle-tissuelist:TS-1107
143 
143 
144 
144 
145 
146 
147 
147 
148 
149 
150 
150 
151 
152 
153 
153 
154 
155 
156 
157 
157 
158 
158 
159 
159 0-0-Human-taxonomy:9606 18-18-serum-tissuelist:TS-0923
160 
161 1-1-human-taxonomy:9606
162 
162 
163 
163 
164 
165 
166 
167 
168 
169 
170 
170 
171 
171 
172 
173 
174 
175 
176 
177 
177 
178 
178 
179 
180 
181 
182 
183 12-12-HT-uaz:UA-CLine-7863
184 
185 
185 
186 
186 
187 
188 
189 
190 
190 
191 
192 
193 
194 
194 
195 
195 
196 
196 
197 
197 
198 
198 
199 
